01111111 01000101 01001100 01000110 00000010 00000001 00000001 00000000 00000000 00000000 00000000 00000000 00000000 00000000 00000000 00000000
00000010 00000000 00111110 00000000 00000001 00000000 00000000 00000000 01111000 00000000 01000000 00000000 00000000 00000000 00000000 00000000
01000000 00000000 00000000 00000000 00000000 00000000 00000000 00000000 00000000 00000000 00000000 00000000 00000000 00000000 00000000 00000000
00000000 00000000 00000000 00000000 01000000 00000000 00111000 00000000 00000001 00000000 00000000 00000000 00000000 00000000 00000000 00000000
00000001 00000000 00000000 00000000 00000101 00000000 00000000 00000000 00000000 00000000 00000000 00000000 00000000 00000000 00000000 00000000
00000000 00000000 01000000 00000000 00000000 00000000 00000000 00000000 00000000 00000000 01000000 00000000 00000000 00000000 00000000 00000000
11111101 00000001 00000000 00000000 00000000 00000000 00000000 00000000 11111101 00000001 00000000 00000000 00000000 00000000 00000000 00000000
00000000 00010000 00000000 00000000 00000000 00000000 00000000 00000000 01001000 10001001 11100101 01001000 10000001 11101100 00000000 00000111
00000000 00000000 01001100 10001011 01101101 00010000 01001000 10001011 01000101 00000000 01001000 10000011 11111000 00000001 01111111 00110011
01001100 10001101 00101100 00100100 00110001 11000000 00110001 11111111 01001100 10001001 11101110 10111010 11111111 00000000 00000000 00000000
00001111 00000101 01001000 10000101 11000000 01111110 00010111 01001001 10001101 01001100 00000101 11111111 10000000 00111001 00001010 01110101
00000101 11000110 00000001 00000000 11101011 00001101 01000001 11000110 01000100 00000101 00000000 00000000 11101011 00000101 01000001 11000110
01000101 00000000 00000000 01001100 10001101 10110100 00100100 00000000 00000001 00000000 00000000 01001100 10001101 10111100 00100100 00000000
00000010 00000000 00000000 01001100 10001001 11110111 01001000 10001101 00110101 11101010 00000000 00000000 00000000 11101000 11011011 00000000
00000000 00000000 01001100 10001001 11101110 11101000 11010011 00000000 00000000 00000000 01001000 10001101 00110101 11011100 00000000 00000000
00000000 11101000 11000111 00000000 00000000 00000000 01001100 10001001 11111111 01001000 10001101 00110101 11010001 00000000 00000000 00000000
11101000 10111000 00000000 00000000 00000000 01001100 10001001 11101110 11101000 10110000 00000000 00000000 00000000 01001000 10001101 00110101
11001000 00000000 00000000 00000000 11101000 10100100 00000000 00000000 00000000 01001100 10001001 11101110 11101000 10011100 00000000 00000000
00000000 01001000 10001101 00110101 11000110 00000000 00000000 00000000 11101000 10010000 00000000 00000000 00000000 01001001 10001001 11111100
01001101 00101001 11111100 10111000 00000001 00000001 00000000 00000000 10111111 10011100 11111111 11111111 11111111 01001100 10001001 11110110
10111010 01000001 00000010 00000000 00000000 01000001 10111010 10100100 00000001 00000000 00000000 00001111 00000101 10000101 11000000 01111000
01100000 10001001 11000011 10111000 00000001 00000000 00000000 00000000 10001001 11011111 01001100 10001001 11111110 01001100 10001001 11100010
00001111 00000101 10111000 00000011 00000000 00000000 00000000 10001001 11011111 00001111 00000101 10111000 00000001 00000000 00000000 00000000
10111111 00000001 00000000 00000000 00000000 01001000 10001101 00110101 01110101 00000000 00000000 00000000 10111010 00000111 00000000 00000000
00000000 00001111 00000101 10111000 00000001 00000000 00000000 00000000 10111111 00000001 00000000 00000000 00000000 01001100 10001001 11111110
01001100 10001001 11100010 00001111 00000101 10111000 00000001 00000000 00000000 00000000 10111111 00000001 00000000 00000000 00000000 01001000
10001101 00110101 01010010 00000000 00000000 00000000 10111010 00000101 00000000 00000000 00000000 00001111 00000101 00110001 11111111 11101011
00000101 10111111 00000001 00000000 00000000 00000000 10111000 00111100 00000000 00000000 00000000 00001111 00000101 10101100 10101010 10000100
11000000 01110101 11111010 01001000 11111111 11001111 11000011 01100111 01110010 01101111 01101011 00101101 00000000 00101110 01101101 01100100
00000000 00100011 00100000 01000111 01110010 01101111 01101011 00100000 01101111 01101110 00100000 00000000 00001010 00001010 00100011 00100011
00100000 01001001 01101110 01110100 01110010 01101111 00001010 01000001 01100010 01101111 01110101 01110100 00100000 00000000 00101110 00001010
00000000 00011011 01011011 00110001 00111011 00110011 00110010 01101101 00011011 01011011 00110000 01101101 00001010
