00000000: 01111111 01000101 01001100 01000110 00000010 00000001  .ELF..
00000006: 00000001 00000000 00000000 00000000 00000000 00000000  ......
0000000c: 00000000 00000000 00000000 00000000 00000010 00000000  ......
00000012: 00111110 00000000 00000001 00000000 00000000 00000000  >.....
00000018: 01111000 00000000 01000000 00000000 00000000 00000000  x.@...
0000001e: 00000000 00000000 01000000 00000000 00000000 00000000  ..@...
00000024: 00000000 00000000 00000000 00000000 00000000 00000000  ......
0000002a: 00000000 00000000 00000000 00000000 00000000 00000000  ......
00000030: 00000000 00000000 00000000 00000000 01000000 00000000  ....@.
00000036: 00111000 00000000 00000001 00000000 00000000 00000000  8.....
0000003c: 00000000 00000000 00000000 00000000 00000001 00000000  ......
00000042: 00000000 00000000 00000111 00000000 00000000 00000000  ......
00000048: 00000000 00000000 00000000 00000000 00000000 00000000  ......
0000004e: 00000000 00000000 00000000 00000000 01000000 00000000  ....@.
00000054: 00000000 00000000 00000000 00000000 00000000 00000000  ......
0000005a: 01000000 00000000 00000000 00000000 00000000 00000000  @.....
00000060: 01001111 00011001 00000000 00000000 00000000 00000000  O.....
00000066: 00000000 00000000 01001111 00011001 00000000 00000000  ..O...
0000006c: 00000000 00000000 00000000 00000000 00000000 00010000  ......
00000072: 00000000 00000000 00000000 00000000 00000000 00000000  ......
00000078: 01001000 10001011 00001100 00100100 01001000 10001101  H..$H.
0000007e: 01000100 11001100 00010000 01001000 10000001 11101100  D..H..
00000084: 00000000 10100000 00000000 00000000 01001001 10001001  ....I.
0000008a: 11100110 01001001 10001001 10000110 00000000 10011010  .I....
00000090: 00000000 00000000 01001000 10000001 11101100 10100000  ..H...
00000096: 00000000 00000000 00000000 01001000 10001101 00000101  ...H..
0000009c: 10011100 00000010 00000000 00000000 01001000 10001001  ....H.
000000a2: 00000100 00100100 01001000 11000111 01000100 00100100  .$H.D$
000000a8: 00001000 00000000 00000000 00000000 00000100 01001000  .....H
000000ae: 10001101 00000101 10000001 00000010 00000000 00000000  ......
000000b4: 01001000 10001001 01000100 00100100 00010000 01001000  H.D$.H
000000ba: 10001101 01111100 00100100 00011000 00110001 11000000  .|$.1.
000000c0: 10111001 00010000 00000000 00000000 00000000 11110011  ......
000000c6: 01001000 10101011 10111000 00001101 00000000 00000000  H.....
000000cc: 00000000 10111111 00011100 00000000 00000000 00000000  ......
000000d2: 01001000 10001001 11100110 00110001 11010010 01000001  H..1.A
000000d8: 10111010 00001000 00000000 00000000 00000000 00001111  ......
000000de: 00000101 01001000 10000001 11000100 10100000 00000000  .H....
000000e4: 00000000 00000000 11101000 10011100 00000010 00000000  ......
000000ea: 00000000 11101000 10111101 00000010 00000000 00000000  ......
000000f0: 01001000 10001101 00110101 11110100 00010010 00000000  H.5...
000000f6: 00000000 11101000 10001100 00001100 00000000 00000000  ......
000000fc: 11101000 00101100 00001101 00000000 00000000 01001000  .,...H
00000102: 10001101 00111101 10011001 00010100 00000000 00000000  .=....
00000108: 11101000 11000110 00001011 00000000 00000000 10000101  ......
0000010e: 11000000 00001111 10000101 10000000 00000000 00000000  ......
00000114: 00000000 01001000 10001101 00111101 11101110 00010011  .H.=..
0000011a: 00000000 00000000 01001001 10001101 10110110 00000000  ..I...
00000120: 10000001 00000000 00000000 10111010 11111111 00000000  ......
00000126: 00000000 00000000 11101000 11111101 00001010 00000000  ......
0000012c: 00000000 01001000 10000101 11000000 01111110 01100011  .H..~c
00000132: 01001001 10001101 10001110 00000000 10000001 00000000  I.....
00000138: 00000000 01001000 00000001 11000001 01001000 11111111  .H..H.
0000013e: 11001001 01001100 00111001 11110001 01110010 01010001  .L9.rQ
00000144: 10000000 00111001 00001010 01110100 00001010 10000000  .9.t..
0000014a: 00111001 00001101 01110100 00000101 10000000 00111001  9.t..9
00000150: 00100000 01110101 00000101 11000110 00000001 00000000   u....
00000156: 11101011 11100100 01000001 10000000 10111110 00000000  ..A...
0000015c: 10000001 00000000 00000000 00000000 01110100 00110011  ....t3
00000162: 11101000 10100110 00000100 00000000 00000000 01001000  .....H
00000168: 10001101 00110101 01100110 00010000 00000000 00000000  .5f...
0000016e: 11101000 11111111 00001011 00000000 00000000 01001001  .....I
00000174: 10001101 10110110 00000000 10000001 00000000 00000000  ......
0000017a: 11101000 11110011 00001011 00000000 00000000 01001000  .....H
00000180: 10001101 00110101 11000111 00010111 00000000 00000000  .5....
00000186: 11101000 11100111 00001011 00000000 00000000 11101000  ......
0000018c: 10001010 00000100 00000000 00000000 11101001 10100000  ......
00000192: 00000000 00000000 00000000 01001000 10001101 00111101  ...H.=
00000198: 01010100 00010100 00000000 00000000 11101000 00110010  T....2
0000019e: 00001011 00000000 00000000 10000101 11000000 01110100  .....t
000001a4: 00011000 01001000 10001101 00110101 01001011 00010010  .H.5K.
000001aa: 00000000 00000000 11101000 00011101 00001100 00000000  ......
000001b0: 00000000 01001000 10001101 00110101 01010101 00010111  .H.5U.
000001b6: 00000000 00000000 11101000 01001101 00001101 00000000  ...M..
000001bc: 00000000 01001000 10001101 00111101 00001111 00010011  .H.=..
000001c2: 00000000 00000000 01001001 10001101 10110110 00000000  ..I...
000001c8: 00000110 00000000 00000000 10111010 00000000 00011111  ......
000001ce: 00000000 00000000 11101000 01010101 00001010 00000000  ...U..
000001d4: 00000000 01001001 10001001 11000101 01001101 10000101  .I..M.
000001da: 11101101 01111111 00011010 01001000 10001101 00110101  ...H.5
000001e0: 00110100 00010010 00000000 00000000 11101000 10011111  4.....
000001e6: 00001011 00000000 00000000 01001000 10001101 00110101  ...H.5
000001ec: 00101010 00010111 00000000 00000000 11101000 00010101  *.....
000001f2: 00001101 00000000 00000000 11101011 00010001 01001001  .....I
000001f8: 10001101 10110110 00000000 00000110 00000000 00000000  ......
000001fe: 01001100 10001001 11101001 11101000 01000101 00001001  L...E.
00000204: 00000000 00000000 11101011 00011001 01001001 10001101  ....I.
0000020a: 10111110 00000000 01111110 00000000 00000000 01001000  ..~..H
00000210: 10001101 00110101 10100101 00010010 00000000 00000000  .5....
00000216: 11101000 00111000 00001011 00000000 00000000 01000001  .8...A
0000021c: 10111100 00000001 00000000 00000000 00000000 11101000  ......
00000222: 11100111 00000011 00000000 00000000 11101000 00010111  ......
00000228: 00000110 00000000 00000000 11101000 01110000 00000110  ....p.
0000022e: 00000000 00000000 11101000 11100101 00000011 00000000  ......
00000234: 00000000 11101000 00010000 00000111 00000000 00000000  ......
0000023a: 10000101 11000000 00001111 10001110 11010010 00000000  ......
00000240: 00000000 00000000 11101000 10100101 00000111 00000000  ......
00000246: 00000000 01001001 10001001 11000100 01001000 10001101  .I..H.
0000024c: 00111101 10010110 00010010 00000000 00000000 01001001  =....I
00000252: 10001101 10110110 00000000 01100110 00000000 00000000  ...f..
00000258: 01001100 10001001 11100010 11101000 00100110 00001010  L...&.
0000025e: 00000000 00000000 01001000 10001101 00110101 10011001  ..H.5.
00000264: 00001111 00000000 00000000 11101000 00000110 00001011  ......
0000026a: 00000000 00000000 01001001 10001101 10110110 00000000  ..I...
00000270: 00000001 00000000 00000000 11101000 11111010 00001010  ......
00000276: 00000000 00000000 01001000 10001101 00110101 11001110  ..H.5.
0000027c: 00010110 00000000 00000000 11101000 11101110 00001010  ......
00000282: 00000000 00000000 01001000 10001101 00110101 10000111  ..H.5.
00000288: 00001111 00000000 00000000 11101000 11100010 00001010  ......
0000028e: 00000000 00000000 01001000 10001101 00111101 10000110  ..H.=.
00000294: 00010100 00000000 00000000 11101000 10100101 00001100  ......
0000029a: 00000000 00000000 10000101 11000000 01111000 00111111  ....x?
000002a0: 10001001 11000011 01001001 10001101 10111110 00000000  ..I...
000002a6: 10000010 00000000 00000000 01000101 00110001 11101101  ...E1.
000002ac: 11101000 01011000 00001101 00000000 00000000 10111000  .X....
000002b2: 00000011 00000000 00000000 00000000 10001001 11011111  ......
000002b8: 00001111 00000101 01000001 10001011 01111110 01011000  ..A.~X
000002be: 01001001 10001101 01110110 01010000 00110001 11010010  I.vP1.
000002c4: 01000101 00110001 11010010 10111000 00111101 00000000  E1..=.
000002ca: 00000000 00000000 00001111 00000101 01001000 10001101  ....H.
000002d0: 00110101 01111000 00010110 00000000 00000000 11101000  5x....
000002d6: 10011000 00001010 00000000 00000000 11101001 01010110  .....V
000002dc: 11111111 11111111 11111111 01001000 10001101 00110101  ...H.5
000002e2: 01000100 00010000 00000000 00000000 11101000 10000111  D.....
000002e8: 00001010 00000000 00000000 01001000 10001101 00110101  ...H.5
000002ee: 01011011 00010110 00000000 00000000 11101000 01111011  [....{
000002f4: 00001010 00000000 00000000 01001000 10001101 00110101  ...H.5
000002fa: 01011000 00010001 00000000 00000000 11101000 10000101  X.....
00000300: 00001010 00000000 00000000 01001000 10001101 00110101  ...H.5
00000306: 00011110 00010110 00000000 00000000 11101000 11111011  ......
0000030c: 00001011 00000000 00000000 11101001 00100001 11111111  ....!.
00000312: 11111111 11111111 01001000 10001101 00110101 00111101  ..H.5=
00000318: 00001110 00000000 00000000 11101000 01010010 00001010  ....R.
0000031e: 00000000 00000000 01001000 10001101 00110101 00101010  ..H.5*
00000324: 00001110 00000000 00000000 11101000 01000110 00001010  ....F.
0000032a: 00000000 00000000 00110001 11111111 10111000 00111100  ..1..<
00000330: 00000000 00000000 00000000 00001111 00000101 10111000  ......
00000336: 00001111 00000000 00000000 00000000 00001111 00000101  ......
0000033c: 01010000 01010001 01010010 01010110 01010111 01000001  PQRVWA
00000342: 01010000 01000001 01010001 01000001 01010010 01000001  PAQARA
00000348: 01010011 01010110 01001000 10001101 00110101 11111000  SVH.5.
0000034e: 00001101 00000000 00000000 11101000 00011100 00001010  ......
00000354: 00000000 00000000 01011110 11101000 00101011 00000000  ..^.+.
0000035a: 00000000 00000000 11101000 01101101 00000000 00000000  ...m..
00000360: 00000000 11101000 10110100 00000010 00000000 00000000  ......
00000366: 11101000 01010100 00000010 00000000 00000000 01010110  .T...V
0000036c: 01001000 10001101 00110101 11011010 00001101 00000000  H.5...
00000372: 00000000 11101000 11111010 00001001 00000000 00000000  ......
00000378: 01011110 01000001 01011011 01000001 01011010 01000001  ^A[AZA
0000037e: 01011001 01000001 01011000 01011111 01011110 01011010  YAX_^Z
00000384: 01011001 01011000 11000011 10111000 00010000 00000000  YX....
0000038a: 00000000 00000000 10111111 00000001 00000000 00000000  ......
00000390: 00000000 10111110 00010011 01010100 00000000 00000000  ...T..
00000396: 01001001 10001101 00010110 00001111 00000101 10000101  I.....
0000039c: 11000000 01111001 00001101 01100110 01000001 11000111  .y.fA.
000003a2: 00000110 00011000 00000000 01100110 01000001 11000111  ...fA.
000003a8: 01000110 00000010 01010000 00000000 11000011 01001000  F.P..H
000003ae: 10001101 00110101 01111011 00001101 00000000 00000000  .5{...
000003b4: 11101000 10111001 00001001 00000000 00000000 11101000  ......
000003ba: 00010000 00000000 00000000 00000000 11101000 11111100  ......
000003c0: 00000001 00000000 00000000 11101000 01010010 00000010  ....R.
000003c6: 00000000 00000000 11101000 01000000 00000010 00000000  ...@..
000003cc: 00000000 11000011 01001000 10001101 00110101 01100010  ..H.5b
000003d2: 00001101 00000000 00000000 11101000 10011000 00001001  ......
000003d8: 00000000 00000000 01001001 10001101 10111110 00000000  ..I...
000003de: 10011000 00000000 00000000 11000110 00000111 00011011  ......
000003e4: 11000110 01000111 00000001 01011011 11000110 01000111  .G.[.G
000003ea: 00000010 00110011 11000110 01000111 00000011 00110110  .3.G.6
000003f0: 11000110 01000111 00000100 01101101 01001000 10000011  .G.mH.
000003f6: 11000111 00000101 11000110 00000111 11100010 11000110  ......
000003fc: 01000111 00000001 10010100 11000110 01000111 00000010  G...G.
00000402: 10001100 01001000 10000011 11000111 00000011 01000001  .H...A
00000408: 00001111 10110111 01001110 00000010 10000011 11101001  ..N...
0000040e: 00000010 10000011 11111001 00000001 01111100 00100000  ....| 
00000414: 10000001 11111001 11111010 00000000 00000000 00000000  ......
0000041a: 01110110 00000101 10111001 11111010 00000000 00000000  v.....
00000420: 00000000 11000110 00000111 11100010 11000110 01000111  .....G
00000426: 00000001 10010100 11000110 01000111 00000010 10000000  ...G..
0000042c: 01001000 10000011 11000111 00000011 11111111 11001001  H.....
00000432: 01110101 11101101 11000110 00000111 11100010 11000110  u.....
00000438: 01000111 00000001 10010100 11000110 01000111 00000010  G...G.
0000043e: 10010000 01001000 10000011 11000111 00000011 11000110  .H....
00000444: 00000111 00011011 11000110 01000111 00000001 01011011  ...G.[
0000044a: 11000110 01000111 00000010 00110000 11000110 01000111  .G.0.G
00000450: 00000011 01101101 11000110 01000111 00000100 00001010  .m.G..
00000456: 11000110 01000111 00000101 00000000 01001000 10000011  .G..H.
0000045c: 11000111 00000101 01001001 10001101 10110110 00000000  ..I...
00000462: 10011000 00000000 00000000 11101000 00001000 00001001  ......
00000468: 00000000 00000000 01001001 10001101 10111110 00000000  ..I...
0000046e: 10011000 00000000 00000000 11000110 00000111 00011011  ......
00000474: 11000110 01000111 00000001 01011011 11000110 01000111  .G.[.G
0000047a: 00000010 00110011 11000110 01000111 00000011 00110110  .3.G.6
00000480: 11000110 01000111 00000100 01101101 01001000 10000011  .G.mH.
00000486: 11000111 00000101 11000110 00000111 11100010 11000110  ......
0000048c: 01000111 00000001 10010100 11000110 01000111 00000010  G...G.
00000492: 10000010 01001000 10000011 11000111 00000011 11000110  .H....
00000498: 00000111 00011011 11000110 01000111 00000001 01011011  ...G.[
0000049e: 11000110 01000111 00000010 00110001 11000110 01000111  .G.1.G
000004a4: 00000011 00111011 11000110 01000111 00000100 00111001  .;.G.9
000004aa: 11000110 01000111 00000101 00110110 11000110 01000111  .G.6.G
000004b0: 00000110 01101101 01001000 10000011 11000111 00000111  .mH...
000004b6: 11000110 00000111 00100000 01001000 11111111 11000111  .. H..
000004bc: 01001000 10001101 00110101 10100000 00001100 00000000  H.5...
000004c2: 00000000 10101100 10000100 11000000 01110100 00000111  ....t.
000004c8: 10001000 00000111 01001000 11111111 11000111 11101011  ..H...
000004ce: 11110100 01000001 00001111 10110111 01001110 00000010  .A..N.
000004d4: 10000011 11101001 00000010 10000011 11101001 00100111  .....'
000004da: 10000011 11111001 00000000 01111110 00001010 11000110  ...~..
000004e0: 00000111 00100000 01001000 11111111 11000111 11111111  . H...
000004e6: 11001001 01110101 11110110 11000110 00000111 00011011  .u....
000004ec: 11000110 01000111 00000001 01011011 11000110 01000111  .G.[.G
000004f2: 00000010 00110011 11000110 01000111 00000011 00110110  .3.G.6
000004f8: 11000110 01000111 00000100 01101101 01001000 10000011  .G.mH.
000004fe: 11000111 00000101 11000110 00000111 11100010 11000110  ......
00000504: 01000111 00000001 10010100 11000110 01000111 00000010  G...G.
0000050a: 10000010 01001000 10000011 11000111 00000011 11000110  .H....
00000510: 00000111 00011011 11000110 01000111 00000001 01011011  ...G.[
00000516: 11000110 01000111 00000010 00110000 11000110 01000111  .G.0.G
0000051c: 00000011 01101101 11000110 01000111 00000100 00001010  .m.G..
00000522: 11000110 01000111 00000101 00000000 01001001 10001101  .G..I.
00000528: 10110110 00000000 10011000 00000000 00000000 11101000  ......
0000052e: 01000000 00001000 00000000 00000000 01001001 10001101  @...I.
00000534: 10111110 00000000 10011000 00000000 00000000 11000110  ......
0000053a: 00000111 00011011 11000110 01000111 00000001 01011011  ...G.[
00000540: 11000110 01000111 00000010 00110011 11000110 01000111  .G.3.G
00000546: 00000011 00110110 11000110 01000111 00000100 01101101  .6.G.m
0000054c: 01001000 10000011 11000111 00000101 11000110 00000111  H.....
00000552: 11100010 11000110 01000111 00000001 10010100 11000110  ..G...
00000558: 01000111 00000010 10011100 01001000 10000011 11000111  G..H..
0000055e: 00000011 01000001 00001111 10110111 01001110 00000010  .A..N.
00000564: 10000011 11101001 00000010 10000011 11111001 00000001  ......
0000056a: 01111100 00100000 10000001 11111001 11111010 00000000  | ....
00000570: 00000000 00000000 01110110 00000101 10111001 11111010  ..v...
00000576: 00000000 00000000 00000000 11000110 00000111 11100010  ......
0000057c: 11000110 01000111 00000001 10010100 11000110 01000111  .G...G
00000582: 00000010 10000000 01001000 10000011 11000111 00000011  ..H...
00000588: 11111111 11001001 01110101 11101101 11000110 00000111  ..u...
0000058e: 11100010 11000110 01000111 00000001 10010100 11000110  ..G...
00000594: 01000111 00000010 10100100 01001000 10000011 11000111  G..H..
0000059a: 00000011 11000110 00000111 00011011 11000110 01000111  .....G
000005a0: 00000001 01011011 11000110 01000111 00000010 00110000  .[.G.0
000005a6: 11000110 01000111 00000011 01101101 11000110 01000111  .G.m.G
000005ac: 00000100 00001010 11000110 01000111 00000101 00000000  ...G..
000005b2: 01001001 10001101 10110110 00000000 10011000 00000000  I.....
000005b8: 00000000 11101000 10110100 00000111 00000000 00000000  ......
000005be: 11000011 01001001 10001101 10111110 00000000 10011000  .I....
000005c4: 00000000 00000000 11000110 00000111 00011011 11000110  ......
000005ca: 01000111 00000001 01011011 01001000 10000011 11000111  G.[H..
000005d0: 00000010 10111000 00000100 00000000 00000000 00000000  ......
000005d6: 11101000 01001000 00000010 00000000 00000000 11000110  .H....
000005dc: 00000111 00111011 01001000 11111111 11000111 01000001  .;H..A
000005e2: 00001111 10110111 00000110 10000011 11101000 00000010  ......
000005e8: 10000011 11111000 00000101 01111101 00000101 10111000  ...}..
000005ee: 00000101 00000000 00000000 00000000 11101000 00101100  .....,
000005f4: 00000010 00000000 00000000 11000110 00000111 01110010  .....r
000005fa: 01001000 11111111 11000111 11000110 00000111 00000000  H.....
00000600: 01001001 10001101 10110110 00000000 10011000 00000000  I.....
00000606: 00000000 11101000 01100110 00000111 00000000 00000000  ..f...
0000060c: 11000011 01001000 10001101 00110101 01001000 00001011  .H.5H.
00000612: 00000000 00000000 11101000 01011001 00000111 00000000  ...Y..
00000618: 00000000 11000011 01000001 00001111 10110111 00000110  ..A...
0000061e: 11111111 11001000 01001001 10001101 10111110 00000000  ..I...
00000624: 10011000 00000000 00000000 11000110 00000111 00011011  ......
0000062a: 11000110 01000111 00000001 01011011 01001000 10000011  .G.[H.
00000630: 11000111 00000010 11101000 11101100 00000001 00000000  ......
00000636: 00000000 11000110 00000111 00111011 11000110 01000111  ...;.G
0000063c: 00000001 00110001 11000110 01000111 00000010 01001000  .1.G.H
00000642: 11000110 01000111 00000011 00000000 01001000 10000011  .G..H.
00000648: 11000111 00000011 01001001 10001101 10110110 00000000  ..I...
0000064e: 10011000 00000000 00000000 11101000 00011100 00000111  ......
00000654: 00000000 00000000 01001001 10001101 10111110 00000000  ..I...
0000065a: 10011000 00000000 00000000 11000110 00000111 00011011  ......
00000660: 11000110 01000111 00000001 01011011 11000110 01000111  .G.[.G
00000666: 00000010 00110011 11000110 01000111 00000011 00110110  .3.G.6
0000066c: 11000110 01000111 00000100 01101101 01001000 10000011  .G.mH.
00000672: 11000111 00000101 11000110 00000111 11100010 11000110  ......
00000678: 01000111 00000001 10010100 11000110 01000111 00000010  G...G.
0000067e: 10010100 01001000 10000011 11000111 00000011 01000001  .H...A
00000684: 00001111 10110111 01001110 00000010 10000011 11101001  ..N...
0000068a: 00000010 10000011 11111001 00000001 01111100 00100000  ....| 
00000690: 10000001 11111001 11111010 00000000 00000000 00000000  ......
00000696: 01110110 00000101 10111001 11111010 00000000 00000000  v.....
0000069c: 00000000 11000110 00000111 11100010 11000110 01000111  .....G
000006a2: 00000001 10010100 11000110 01000111 00000010 10000000  ...G..
000006a8: 01001000 10000011 11000111 00000011 11111111 11001001  H.....
000006ae: 01110101 11101101 11000110 00000111 11100010 11000110  u.....
000006b4: 01000111 00000001 10010100 11000110 01000111 00000010  G...G.
000006ba: 10011000 01001000 10000011 11000111 00000011 11000110  .H....
000006c0: 00000111 00011011 11000110 01000111 00000001 01011011  ...G.[
000006c6: 11000110 01000111 00000010 00110000 11000110 01000111  .G.0.G
000006cc: 00000011 01101101 11000110 01000111 00000100 00000000  .m.G..
000006d2: 01001000 10000011 11000111 00000100 01001001 10001101  H...I.
000006d8: 10110110 00000000 10011000 00000000 00000000 11101000  ......
000006de: 10010000 00000110 00000000 00000000 01000001 00001111  ....A.
000006e4: 10110111 00000110 01001001 10001101 10111110 00000000  ..I...
000006ea: 10011000 00000000 00000000 11000110 00000111 00011011  ......
000006f0: 11000110 01000111 00000001 01011011 01001000 10000011  .G.[H.
000006f6: 11000111 00000010 11101000 00100110 00000001 00000000  ...&..
000006fc: 00000000 11000110 00000111 00111011 11000110 01000111  ...;.G
00000702: 00000001 00110001 11000110 01000111 00000010 01001000  .1.G.H
00000708: 11000110 01000111 00000011 00000000 01001000 10000011  .G..H.
0000070e: 11000111 00000011 01001001 10001101 10110110 00000000  ..I...
00000714: 10011000 00000000 00000000 11101000 01010110 00000110  ....V.
0000071a: 00000000 00000000 01001000 10001101 00110101 00100001  ..H.5!
00000720: 00001010 00000000 00000000 11101000 01001010 00000110  ....J.
00000726: 00000000 00000000 01001001 10001101 10111110 00000000  ..I...
0000072c: 10011000 00000000 00000000 11000110 00000111 00011011  ......
00000732: 11000110 01000111 00000001 01011011 11000110 01000111  .G.[.G
00000738: 00000010 00110010 11000110 01000111 00000011 00111011  .2.G.;
0000073e: 11000110 01000111 00000100 00110011 11000110 01000111  .G.3.G
00000744: 00000101 00110111 11000110 01000111 00000110 01101101  .7.G.m
0000074a: 01001000 10000011 11000111 00000111 11000110 00000111  H.....
00000750: 00100000 01001000 11111111 11000111 01000001 00001111   H..A.
00000756: 10110111 00000110 11101000 11000110 00000000 00000000  ......
0000075c: 00000000 11000110 00000111 01111000 01001000 11111111  ...xH.
00000762: 11000111 01000001 00001111 10110111 01000110 00000010  .A..F.
00000768: 11101000 10110110 00000000 00000000 00000000 11000110  ......
0000076e: 00000111 00100000 01001000 11111111 11000111 11000110  . H...
00000774: 00000111 11100010 11000110 01000111 00000001 10010100  ...G..
0000077a: 11000110 01000111 00000010 10000010 01001000 10000011  .G..H.
00000780: 11000111 00000011 11000110 00000111 00100000 01001000  .... H
00000786: 11111111 11000111 01001000 10001101 00110101 10011011  ..H.5.
0000078c: 00001010 00000000 00000000 10101100 10000100 11000000  ......
00000792: 01110100 00000111 10001000 00000111 01001000 11111111  t...H.
00000798: 11000111 11101011 11110100 01000001 10000000 10111110  ...A..
0000079e: 00000000 10000001 00000000 00000000 00000000 01110100  .....t
000007a4: 00011110 01001001 10001101 10110110 00000000 10000001  .I....
000007aa: 00000000 00000000 10111001 00011110 00000000 00000000  ......
000007b0: 00000000 10101100 10000100 11000000 01110100 00001011  ....t.
000007b6: 11111111 11001001 01111000 00000111 10001000 00000111  ..x...
000007bc: 01001000 11111111 11000111 11101011 11110000 11101011  H.....
000007c2: 00000110 11000110 00000111 00101101 01001000 11111111  ...-H.
000007c8: 11000111 11000110 00000111 00100000 01001000 11111111  ... H.
000007ce: 11000111 11000110 00000111 11100010 11000110 01000111  .....G
000007d4: 00000001 10010100 11000110 01000111 00000010 10000010  ...G..
000007da: 01001000 10000011 11000111 00000011 11000110 00000111  H.....
000007e0: 00100000 01001000 11111111 11000111 01001000 10001101   H..H.
000007e6: 00110101 01000111 00001010 00000000 00000000 10101100  5G....
000007ec: 10000100 11000000 01110100 00000111 10001000 00000111  ..t...
000007f2: 01001000 11111111 11000111 11101011 11110100 01000001  H....A
000007f8: 00001111 10110111 00000110 10000011 11101000 00000010  ......
000007fe: 11101000 00100000 00000000 00000000 00000000 11000110  . ....
00000804: 00000111 00011011 11000110 01000111 00000001 01011011  ...G.[
0000080a: 11000110 01000111 00000010 00110000 11000110 01000111  .G.0.G
00000810: 00000011 01101101 11000110 01000111 00000100 00000000  .m.G..
00000816: 01001001 10001101 10110110 00000000 10011000 00000000  I.....
0000081c: 00000000 11101000 01010000 00000101 00000000 00000000  ..P...
00000822: 11000011 00110001 11001001 10111011 00001010 00000000  .1....
00000828: 00000000 00000000 00110001 11010010 11110111 11110011  ..1...
0000082e: 01010010 11111111 11000001 10000101 11000000 01110101  R....u
00000834: 11110101 01011000 00000100 00110000 10001000 00000111  .X.0..
0000083a: 01001000 11111111 11000111 11111111 11001001 01110101  H....u
00000840: 11110100 11000011 01001000 10001101 00110101 00111111  ..H.5?
00000846: 00001001 00000000 00000000 11101000 00100100 00000101  ....$.
0000084c: 00000000 00000000 01000101 00110001 11000000 01000101  ..E1.E
00000852: 00111001 11100000 01110011 01001001 10110000 00110000  9.sI.0
00000858: 11111110 11000000 01000100 00000000 11000000 01000001  ..D..A
0000085e: 10001000 01000110 01000000 01000001 11000110 01000110  .F@A.F
00000864: 01000001 00101001 01000001 11000110 01000110 01000010  A)A.FB
0000086a: 00100000 01000001 11000110 01000110 01000011 00000000   A.FC.
00000870: 01001001 10001101 01110110 01000000 11101000 11111001  I.v@..
00000876: 00000100 00000000 00000000 01000100 10001001 11000000  ...D..
0000087c: 01101011 11000000 01000000 01001001 10001101 10110110  k.@I..
00000882: 00000000 01111110 00000000 00000000 01001000 00000001  .~..H.
00000888: 11000110 11101000 11100100 00000100 00000000 00000000  ......
0000088e: 01001000 10001101 00110101 10111000 00010000 00000000  H.5...
00000894: 00000000 11101000 11011000 00000100 00000000 00000000  ......
0000089a: 01000001 11111111 11000000 11101011 10110010 11000011  A.....
000008a0: 01001000 10001101 00110101 00000111 00001001 00000000  H.5...
000008a6: 00000000 11101000 11000110 00000100 00000000 00000000  ......
000008ac: 01001001 10001101 01111110 01001000 10111010 00010000  I.~H..
000008b2: 00000000 00000000 00000000 11101000 00110000 00000011  ....0.
000008b8: 00000000 00000000 00110001 11011011 01000001 10001010  ..1.A.
000008be: 01000110 01001000 00111100 00110001 01110010 00001000  FH<1r.
000008c4: 00111100 00111000 01110111 00000100 00101100 00110001  <8w.,1
000008ca: 10001000 11000011 01000100 00111001 11100011 01110010  ..D9.r
000008d0: 00000010 00110001 11011011 10001001 11011000 01101011  .1...k
000008d6: 11000000 01000000 01001001 10001101 10110110 00000000  .@I...
000008dc: 01111110 00000000 00000000 01001000 00000001 11000110  ~..H..
000008e2: 01001001 10001101 10111110 00000000 10000001 00000000  I.....
000008e8: 00000000 11101000 01100101 00000100 00000000 00000000  ..e...
000008ee: 01001000 10001101 00110101 11011111 00001000 00000000  H.5...
000008f4: 00000000 11101000 01111000 00000100 00000000 00000000  ..x...
000008fa: 01001001 10001101 10110110 00000000 10000001 00000000  I.....
00000900: 00000000 11101000 01101100 00000100 00000000 00000000  ..l...
00000906: 01001000 10001101 00110101 01000000 00010000 00000000  H.5@..
0000090c: 00000000 11101000 01100000 00000100 00000000 00000000  ..`...
00000912: 01001000 10001101 00111101 11110001 00001011 00000000  H.=...
00000918: 00000000 01001001 10001101 10110110 00000000 10000001  .I....
0000091e: 00000000 00000000 11101000 00111111 00000100 00000000  ...?..
00000924: 00000000 01001000 10001001 11000010 11101000 01011001  .H...Y
0000092a: 00000011 00000000 00000000 01001000 10001101 00111101  ...H.=
00000930: 10011000 00001101 00000000 00000000 11101000 10011010  ......
00000936: 00000011 00000000 00000000 10000101 11000000 01110100  .....t
0000093c: 00001100 01001000 10001101 00110101 11110011 00001010  .H.5..
00000942: 00000000 00000000 11101000 10000101 00000100 00000000  ......
00000948: 00000000 11000011 01001000 10001101 00110101 10011011  ..H.5.
0000094e: 00001000 00000000 00000000 11101000 00011100 00000100  ......
00000954: 00000000 00000000 01001001 10001101 10111110 00000000  ..I...
0000095a: 00000001 00000000 00000000 10111010 10000100 00000011  ......
00000960: 00000000 00000000 11101000 10000011 00000010 00000000  ......
00000966: 00000000 10000101 11000000 00001111 10001110 01111100  .....|
0000096c: 00000000 00000000 00000000 10000011 11111000 00000001  ......
00000972: 01110101 01110111 01000001 10001010 10000110 00000000  uwA...
00000978: 00000001 00000000 00000000 00111100 00110001 01110100  ...<1t
0000097e: 00001110 00111100 00110010 01110100 00011111 00111100  .<2t.<
00000984: 00110011 01110100 00110000 00111100 00110100 01110100  3t0<4t
0000098a: 01000001 11101011 01011110 01001001 10001101 10111110  A.^I..
00000990: 00000000 00000001 00000000 00000000 01001000 10001101  ....H.
00000996: 00110101 10101010 00001000 00000000 00000000 11101000  5.....
0000099c: 10110011 00000011 00000000 00000000 11101011 00111101  .....=
000009a2: 01001001 10001101 10111110 00000000 00000001 00000000  I.....
000009a8: 00000000 01001000 10001101 00110101 11000111 00001000  .H.5..
000009ae: 00000000 00000000 11101000 10011110 00000011 00000000  ......
000009b4: 00000000 11101011 00101000 01001001 10001101 10111110  ..(I..
000009ba: 00000000 00000001 00000000 00000000 01001000 10001101  ....H.
000009c0: 00110101 11110000 00001000 00000000 00000000 11101000  5.....
000009c6: 10001001 00000011 00000000 00000000 11101011 00010011  ......
000009cc: 01001001 10001101 10111110 00000000 00000001 00000000  I.....
000009d2: 00000000 01001000 10001101 00110101 00010000 00001001  .H.5..
000009d8: 00000000 00000000 11101000 01110100 00000011 00000000  ...t..
000009de: 00000000 01001001 10001101 10110110 00000000 00000001  .I....
000009e4: 00000000 00000000 11101000 01111001 00000011 00000000  ...y..
000009ea: 00000000 11000011 01001001 10001101 10111110 00000000  ..I...
000009f0: 01100110 00000000 00000000 01001000 10001101 00110101  f..H.5
000009f6: 10011111 00001001 00000000 00000000 11101000 01011011  .....[
000009fc: 00000011 00000000 00000000 01001001 10001101 10110110  ...I..
00000a02: 00000000 10000001 00000000 00000000 11101000 01001111  .....O
00000a08: 00000011 00000000 00000000 01001000 10001101 00110101  ...H.5
00000a0e: 10010010 00001001 00000000 00000000 11101000 01000011  .....C
00000a14: 00000011 00000000 00000000 01001001 10001101 10110110  ...I..
00000a1a: 00000000 00000001 00000000 00000000 10001010 00000110  ......
00000a20: 10000100 11000000 01110100 00100010 00111100 00100010  ..t"<"
00000a26: 01110100 00010010 00111100 01011100 01110100 00001110  t.<\t.
00000a2c: 00111100 00001010 01110100 00001010 00111100 00001101  <.t.<.
00000a32: 01110100 00000110 00111100 00100000 01110010 00000010  t.< r.
00000a38: 11101011 00000010 10110000 00100000 10001000 00000111  ... ..
00000a3e: 01001000 11111111 11000111 01001000 11111111 11000110  H..H..
00000a44: 11101011 11011000 01001000 10001101 00110101 10000000  ..H.5.
00000a4a: 00001001 00000000 00000000 11101000 00001000 00000011  ......
00000a50: 00000000 00000000 01001001 10001101 10110110 00000000  ..I...
00000a56: 01100110 00000000 00000000 11101000 00000110 00000011  f.....
00000a5c: 00000000 00000000 11000011 01001000 10000011 11111001  ...H..
00000a62: 00001011 00001111 10000010 10111011 00000000 00000000  ......
00000a68: 00000000 10000000 00111110 00100010 00001111 10000101  ..>"..
00000a6e: 10100111 00000000 00000000 00000000 10000000 01111110  .....~
00000a74: 00000001 01100011 00001111 10000101 10011101 00000000  .c....
00000a7a: 00000000 00000000 10000000 01111110 00000010 01101111  ...~.o
00000a80: 00001111 10000101 10010011 00000000 00000000 00000000  ......
00000a86: 10000000 01111110 00000011 01101110 00001111 10000101  .~.n..
00000a8c: 10001001 00000000 00000000 00000000 10000000 01111110  .....~
00000a92: 00000100 01110100 00001111 10000101 01111111 00000000  .t....
00000a98: 00000000 00000000 10000000 01111110 00000101 01100101  ...~.e
00000a9e: 01110101 01111001 10000000 01111110 00000110 01101110  uy.~.n
00000aa4: 01110101 01110011 10000000 01111110 00000111 01110100  us.~.t
00000aaa: 01110101 01101101 10000000 01111110 00001000 00100010  um.~."
00000ab0: 01110101 01100111 10000000 01111110 00001001 00111010  ug.~.:
00000ab6: 01110101 01100001 10000000 01111110 00001010 00100010  ua.~."
00000abc: 01110101 01011011 01001000 10000011 11000110 00001011  u[H...
00000ac2: 01001000 10000011 11101001 00001011 01000101 00110001  H...E1
00000ac8: 11000000 01001000 10000101 11001001 01110100 01000101  .H..tE
00000ace: 10001010 00000110 00111100 00100010 01110100 00111111  ..<"t?
00000ad4: 00111100 01011100 01110101 00100011 01001000 10000011  <\u#H.
00000ada: 11111001 00000001 01110110 00110101 10001010 01000110  ..v5.F
00000ae0: 00000001 00111100 01101110 01110101 00001100 10110000  .<nu..
00000ae6: 00001010 01001000 10000011 11000110 00000010 01001000  .H...H
00000aec: 10000011 11101001 00000010 11101011 00010000 01001000  .....H
00000af2: 10000011 11000110 00000010 01001000 10000011 11101001  ...H..
00000af8: 00000010 11101011 00000110 01001000 11111111 11000110  ...H..
00000afe: 01001000 11111111 11001001 01000001 10000001 11111000  H..A..
00000b04: 10111000 00001011 00000000 00000000 01110011 00001001  ....s.
00000b0a: 01000010 10001000 00000100 00000111 01001001 11111111  B...I.
00000b10: 11000000 11101011 10110110 01000010 11000110 00000100  ...B..
00000b16: 00000111 00000000 11000011 01001000 11111111 11000110  ...H..
00000b1c: 01001000 11111111 11001001 11101001 00111011 11111111  H...;.
00000b22: 11111111 11111111 01010111 01001000 10001101 00110101  ..WH.5
00000b28: 01100100 00001001 00000000 00000000 11101000 01010111  d....W
00000b2e: 00000010 00000000 00000000 01001000 10001101 00110101  ...H.5
00000b34: 00001000 00001110 00000000 00000000 11101000 11001101  ......
00000b3a: 00000011 00000000 00000000 01011111 01001000 10001101  ..._H.
00000b40: 00110101 00011111 00001000 00000000 00000000 11101000  5.....
00000b46: 00001001 00000010 00000000 00000000 11000011 01000101  .....E
00000b4c: 00110001 11100100 01001000 10000011 11111001 00000110  1.H...
00000b52: 01110110 01110111 01000001 10000011 11111100 00001000  vwA...
00000b58: 01110011 01110001 10000000 00111110 00100010 01110101  sq.>"u
00000b5e: 01100100 10000000 01111110 00000001 01101001 01110101  d.~.iu
00000b64: 01011110 10000000 01111110 00000010 01100100 01110101  ^.~.du
00000b6a: 01011000 10000000 01111110 00000011 00100010 01110101  X.~."u
00000b70: 01010010 10000000 01111110 00000100 00111010 01110101  R.~.:u
00000b76: 01001100 10000000 01111110 00000101 00100010 01110101  L.~."u
00000b7c: 01000110 01001000 10000011 11000110 00000110 01001000  FH...H
00000b82: 10000011 11101001 00000110 01000100 10001001 11100000  ...D..
00000b88: 01101011 11000000 01000000 01001001 10001101 10111110  k.@I..
00000b8e: 00000000 01111110 00000000 00000000 01001000 00000001  .~..H.
00000b94: 11000111 00110001 11011011 01001000 10000101 11001001  .1.H..
00000b9a: 01110100 00011110 10001010 00000110 00111100 00100010  t...<"
00000ba0: 01110100 00010010 10000011 11111011 00111111 01110011  t...?s
00000ba6: 00000101 10001000 00000100 00011111 11111111 11000011  ......
00000bac: 01001000 11111111 11000110 01001000 11111111 11001001  H..H..
00000bb2: 11101011 11100011 01001000 11111111 11000110 01001000  ..H..H
00000bb8: 11111111 11001001 11000110 00000100 00011111 00000000  ......
00000bbe: 01000001 11111111 11000100 11101011 10001011 01001000  A....H
00000bc4: 11111111 11000110 01001000 11111111 11001001 11101011  ..H...
00000bca: 10000011 01000101 10000101 11100100 01110101 00011001  .E..u.
00000bd0: 01001001 10001101 10111110 00000000 01111110 00000000  I...~.
00000bd6: 00000000 01001000 10001101 00110101 11011101 00001000  .H.5..
00000bdc: 00000000 00000000 11101000 01110000 00000001 00000000  ...p..
00000be2: 00000000 01000001 10111100 00000001 00000000 00000000  .A....
00000be8: 00000000 11000011 01001001 10001001 11111000 01001000  ..I..H
00000bee: 11111111 11001010 00110001 11000000 00110001 11111111  ..1.1.
00000bf4: 01001100 10001001 11000110 00001111 00000101 10000101  L.....
00000bfa: 11000000 01111110 00101000 10001001 11000001 00110001  .~(..1
00000c00: 11011011 00111001 11001011 01110011 00011000 01000001  .9.s.A
00000c06: 10001010 00000100 00011000 00111100 00001010 01110100  ...<.t
00000c0c: 00001000 00111100 00001101 01110100 00000100 11111111  .<.t..
00000c12: 11000011 11101011 11101100 01000001 11000110 00000100  ...A..
00000c18: 00011000 00000000 10001001 11011000 11000011 01000001  .....A
00000c1e: 11000110 00000100 00001000 00000000 10001001 11001000  ......
00000c24: 11000011 01000001 11000110 00000000 00000000 11000011  .A....
00000c2a: 01001001 10001001 11111000 01001001 10001001 11110001  I..I..
00000c30: 01001001 10001001 11010011 10111000 00000001 00000001  I.....
00000c36: 00000000 00000000 10111111 10011100 11111111 11111111  ......
00000c3c: 11111111 01001100 10001001 11000110 00110001 11010010  .L..1.
00000c42: 01000101 00110001 11010010 00001111 00000101 10000101  E1....
00000c48: 11000000 01111000 00110011 10001001 11000011 01001100  .x3..L
00000c4e: 10001001 11011010 01001000 11111111 11001010 00110001  ..H..1
00000c54: 11000000 10001001 11011111 01001100 10001001 11001110  ...L..
00000c5a: 00001111 00000101 10000101 11000000 01111000 00010101  ....x.
00000c60: 01001001 10001001 11000100 01000011 11000110 00000100  I..C..
00000c66: 00100001 00000000 10111000 00000011 00000000 00000000  !.....
00000c6c: 00000000 10001001 11011111 00001111 00000101 01001100  .....L
00000c72: 10001001 11100000 11000011 10111000 00000011 00000000  ......
00000c78: 00000000 00000000 10001001 11011111 00001111 00000101  ......
00000c7e: 01001000 11000111 11000000 11111111 11111111 11111111  H.....
00000c84: 11111111 11000011 01010010 01001001 10001001 11111000  ..RI..
00000c8a: 01001001 10001001 11110001 10111000 00000001 00000001  I.....
00000c90: 00000000 00000000 10111111 10011100 11111111 11111111  ......
00000c96: 11111111 01001100 10001001 11000110 10111010 01000001  .L...A
00000c9c: 00000010 00000000 00000000 01000001 10111010 10100100  ...A..
00000ca2: 00000001 00000000 00000000 00001111 00000101 10000101  ......
00000ca8: 11000000 01111000 00011111 10001001 11000011 10111000  .x....
00000cae: 00000001 00000000 00000000 00000000 10001001 11011111  ......
00000cb4: 01001100 10001001 11001110 01011010 00001111 00000101  L..Z..
00000cba: 01001001 10001001 11000100 10111000 00000011 00000000  I.....
00000cc0: 00000000 00000000 10001001 11011111 00001111 00000101  ......
00000cc6: 01001100 10001001 11100000 11000011 01011010 01001000  L...ZH
00000ccc: 11000111 11000000 11111111 11111111 11111111 11111111  ......
00000cd2: 11000011 10111000 00111001 00000000 00000000 00000000  ..9...
00000cd8: 00001111 00000101 10000101 11000000 01111000 01101101  ....xm
00000cde: 01110100 00011011 10001001 11000111 01001001 10001101  t...I.
00000ce4: 01110110 01010000 00110001 11010010 01000101 00110001  vP1.E1
00000cea: 11010010 10111000 00111101 00000000 00000000 00000000  ..=...
00000cf0: 00001111 00000101 10000101 11000000 01111000 01010101  ....xU
00000cf6: 01000001 10001011 01000110 01010000 11000011 01001001  A.FP.I
00000cfc: 10001001 11111000 01001000 10000011 11101100 00100000  ..H.. 
00000d02: 01001000 10001101 00000101 00101011 00001000 00000000  H..+..
00000d08: 00000000 01001000 10001001 00000100 00100100 01001000  .H..$H
00000d0e: 10001101 00000101 00100011 00001000 00000000 00000000  ..#...
00000d14: 01001000 10001001 01000100 00100100 00001000 01001100  H.D$.L
00000d1a: 10001001 01000100 00100100 00010000 01001000 11000111  .D$.H.
00000d20: 01000100 00100100 00011000 00000000 00000000 00000000  D$....
00000d26: 00000000 10111000 00111011 00000000 00000000 00000000  ..;...
00000d2c: 01001000 10001101 00111101 11111001 00000111 00000000  H.=...
00000d32: 00000000 01001000 10001001 11100110 01001001 10001011  .H..I.
00000d38: 10010110 00000000 10011010 00000000 00000000 00001111  ......
00000d3e: 00000101 10111000 00111100 00000000 00000000 00000000  ..<...
00000d44: 10111111 01111111 00000000 00000000 00000000 00001111  ......
00000d4a: 00000101 01001000 11000111 11000000 11111111 11111111  .H....
00000d50: 11111111 11111111 11000011 10101100 10101010 10000100  ......
00000d56: 11000000 01110101 11111010 11000011 10101100 10101010  .u....
00000d5c: 10000100 11000000 01110101 11111010 01001000 11111111  ..u.H.
00000d62: 11001111 11000011 00110001 11000000 10000000 00111100  ..1..<
00000d68: 00000110 00000000 01110100 00000101 01001000 11111111  ..t.H.
00000d6e: 11000000 11101011 11110101 11000011 01010110 11101000  ....V.
00000d74: 11101100 11111111 11111111 11111111 10001001 11000010  ......
00000d7a: 01011110 10111000 00000001 00000000 00000000 00000000  ^.....
00000d80: 10111111 00000001 00000000 00000000 00000000 00001111  ......
00000d86: 00000101 11000011 01010110 11101000 11010110 11111111  ..V...
00000d8c: 11111111 11111111 01001001 10001001 11000001 01011110  ..I..^
00000d92: 01001001 10001001 11110000 10111000 00000001 00000001  I.....
00000d98: 00000000 00000000 10111111 10011100 11111111 11111111  ......
00000d9e: 11111111 01001000 10001101 00110101 00011100 00000111  .H.5..
00000da4: 00000000 00000000 10111010 01000001 00000100 00000000  ...A..
00000daa: 00000000 01000001 10111010 10100100 00000001 00000000  .A....
00000db0: 00000000 00001111 00000101 10000101 11000000 01111000  .....x
00000db6: 00010110 10001001 11000111 10111000 00000001 00000000  ......
00000dbc: 00000000 00000000 01001100 10001001 11000110 01001100  ..L..L
00000dc2: 10001001 11001010 00001111 00000101 10111000 00000011  ......
00000dc8: 00000000 00000000 00000000 00001111 00000101 11000011  ......
00000dce: 01000001 10001001 11000010 01001001 10001101 10111110  A..I..
00000dd4: 00000000 10001111 00000000 00000000 11101000 01110110  .....v
00000dda: 11111111 11111111 11111111 01001000 11111111 11001111  ...H..
00000de0: 01001000 10001101 00110101 11111001 00000101 00000000  H.5...
00000de6: 00000000 11101000 01101110 11111111 11111111 11111111  ..n...
00000dec: 01000101 10001001 11010001 10111001 00001000 00000000  E.....
00000df2: 00000000 00000000 01000100 10001001 11001010 11000001  ..D...
00000df8: 11101010 00011100 10000011 11100010 00001111 10000000  ......
00000dfe: 11111010 00001001 01110110 00000101 10000000 11000010  ..v...
00000e04: 01010111 11101011 00000011 10000000 11000010 00110000  W....0
00000e0a: 10001000 00010111 01001000 11111111 11000111 01000001  ..H..A
00000e10: 11000001 11100001 00000100 11111111 11001001 01110101  .....u
00000e16: 11011101 11000110 00000111 00001010 01001000 11111111  ....H.
00000e1c: 11000111 11000110 00000111 00000000 01001001 10001101  ....I.
00000e22: 10110110 00000000 10001111 00000000 00000000 11101000  ......
00000e28: 01011100 11111111 11111111 11111111 11000011 01001000  \....H
00000e2e: 10001101 00111101 00000110 00000111 00000000 00000000  .=....
00000e34: 11101000 10011010 11111110 11111111 11111111 10000101  ......
00000e3a: 11000000 01110100 01110101 11101000 11001011 11110111  .tu...
00000e40: 11111111 11111111 01001000 10001101 00110101 00101000  ..H.5(
00000e46: 00001010 00000000 00000000 11101000 00100100 11111111  ....$.
00000e4c: 11111111 11111111 01001001 10001101 10111110 00000000  ..I...
00000e52: 10010101 00000000 00000000 10111010 11001000 00000000  ......
00000e58: 00000000 00000000 11101000 10001011 11111101 11111111  ......
00000e5e: 11111111 10000101 11000000 01111110 01010000 10001001  ...~P.
00000e64: 11000001 01001001 10001101 10110110 00000000 10010101  .I....
00000e6a: 00000000 00000000 01001001 10001101 10111110 00000000  ..I...
00000e70: 10010110 00000000 00000000 11101000 01001000 00000000  ....H.
00000e76: 00000000 00000000 01001000 10001101 00111101 10011101  ..H.=.
00000e7c: 00000110 00000000 00000000 01001001 10001101 10110110  ...I..
00000e82: 00000000 10010110 00000000 00000000 01001000 10001001  ....H.
00000e88: 11000010 11101000 11111000 11111101 11111111 11111111  ......
00000e8e: 01001000 10001101 00111101 11000010 00000110 00000000  H.=...
00000e94: 00000000 11101000 00111001 11111110 11111111 11111111  ..9...
00000e9a: 01001000 10001101 00110101 00000110 00001010 00000000  H.5...
00000ea0: 00000000 11101000 11001100 11111110 11111111 11111111  ......
00000ea6: 01001000 10001101 00110101 00101111 00001010 00000000  H.5/..
00000eac: 00000000 11101000 11010110 11111110 11111111 11111111  ......
00000eb2: 11000011 01001000 10001101 00110101 00111100 00001010  .H.5<.
00000eb8: 00000000 00000000 11101000 11001001 11111110 11111111  ......
00000ebe: 11111111 11000011 01000101 00110001 11001001 10000101  ..E1..
00000ec4: 11001001 01110100 00111100 00001111 10110110 00000110  .t<...
00000eca: 10001001 11000010 11000001 11101010 00000100 10000000  ......
00000ed0: 11111010 00001001 01110110 00000101 10000000 11000010  ..v...
00000ed6: 01010111 11101011 00000011 10000000 11000010 00110000  W....0
00000edc: 10001000 00010111 01001000 11111111 11000111 10001001  ..H...
00000ee2: 11000010 10000011 11100010 00001111 10000000 11111010  ......
00000ee8: 00001001 01110110 00000101 10000000 11000010 01010111  .v...W
00000eee: 11101011 00000011 10000000 11000010 00110000 10001000  ....0.
00000ef4: 00010111 01001000 11111111 11000111 01001000 11111111  .H..H.
00000efa: 11000110 11111111 11001001 01000001 10000011 11000001  ...A..
00000f00: 00000010 11101011 11000000 11000110 00000111 00000000  ......
00000f06: 01000100 10001001 11001000 11000011 01001001 10001001  D...I.
00000f0c: 11110001 01001001 10001101 10111110 00000000 10010010  .I....
00000f12: 00000000 00000000 01001000 10001101 00110101 00010111  ..H.5.
00000f18: 00001001 00000000 00000000 11101000 00111010 11111110  ....:.
00000f1e: 11111111 11111111 01001100 10001001 11001110 11101000  ..L...
00000f24: 00110010 11111110 11111111 11111111 01001000 10001101  2...H.
00000f2a: 00110101 00101100 00001001 00000000 00000000 11101000  5,....
00000f30: 00100110 11111110 11111111 11111111 01001001 10001101  &...I.
00000f36: 10111110 00000000 10010010 00000000 00000000 11101000  ......
00000f3c: 10010011 11111101 11111111 11111111 11000011 01001001  .....I
00000f42: 10001001 01111110 01011100 01001000 10000011 11101100  .~\H..
00000f48: 00001000 01001000 10001001 11100111 10111000 00010110  .H....
00000f4e: 00000000 00000000 00000000 00001111 00000101 10000101  ......
00000f54: 11000000 00001111 10001000 10100100 00000000 00000000  ......
00000f5a: 00000000 01000100 10001011 00000100 00100100 01000100  .D..$D
00000f60: 10001011 01001100 00100100 00000100 01001000 10000011  .L$.H.
00000f66: 11000100 00001000 10111000 00111001 00000000 00000000  ...9..
00000f6c: 00000000 00001111 00000101 10000101 11000000 00001111  ......
00000f72: 10001000 10001000 00000000 00000000 00000000 01110100  .....t
00000f78: 00010010 01000001 10001001 01000110 01011000 10111000  .A.FX.
00000f7e: 00000011 00000000 00000000 00000000 01000100 10001001  ....D.
00000f84: 11001111 00001111 00000101 01000100 10001001 11000000  ...D..
00000f8a: 11000011 10111000 00000011 00000000 00000000 00000000  ......
00000f90: 01000100 10001001 11000111 00001111 00000101 10111000  D.....
00000f96: 00100001 00000000 00000000 00000000 01000100 10001001  !...D.
00000f9c: 11001111 10111110 00000001 00000000 00000000 00000000  ......
00000fa2: 00001111 00000101 10111000 00000011 00000000 00000000  ......
00000fa8: 00000000 01000100 10001001 11001111 00001111 00000101  .D....
00000fae: 01001101 10001011 01000110 01011100 01001000 10000011  M.F\H.
00000fb4: 11101100 00100000 01001000 10001101 00000101 01110111  . H..w
00000fba: 00000101 00000000 00000000 01001000 10001001 00000100  ...H..
00000fc0: 00100100 01001000 10001101 00000101 01101111 00000101  $H..o.
00000fc6: 00000000 00000000 01001000 10001001 01000100 00100100  ..H.D$
00000fcc: 00001000 01001100 10001001 01000100 00100100 00010000  .L.D$.
00000fd2: 01001000 11000111 01000100 00100100 00011000 00000000  H.D$..
00000fd8: 00000000 00000000 00000000 10111000 00111011 00000000  ....;.
00000fde: 00000000 00000000 01001000 10001101 00111101 01000101  ..H.=E
00000fe4: 00000101 00000000 00000000 01001000 10001001 11100110  ...H..
00000fea: 01001001 10001011 10010110 00000000 10011010 00000000  I.....
00000ff0: 00000000 00001111 00000101 10111000 00111100 00000000  ....<.
00000ff6: 00000000 00000000 10111111 01111111 00000000 00000000  ......
00000ffc: 00000000 00001111 00000101 01001000 10000011 11000100  ...H..
00001002: 00001000 10111000 11111111 11111111 11111111 11111111  ......
00001008: 11000011 01010111 00110001 11000000 10001001 11011111  .W1...
0000100e: 01001001 10001101 10110110 00000000 00100110 00000000  I...&.
00001014: 00000000 10111010 00000000 00010000 00000000 00000000  ......
0000101a: 00001111 00000101 01011111 10000101 11000000 00001111  .._...
00001020: 10001110 00000110 00000001 00000000 00000000 10001001  ......
00001026: 11000001 01001001 10001101 10110110 00000000 00100110  .I...&
0000102c: 00000000 00000000 10000011 11111001 00001011 01110010  .....r
00001032: 11010110 10000000 00111110 00100010 00001111 10000101  ..>"..
00001038: 11100101 00000000 00000000 00000000 10000001 01111110  .....~
0000103e: 00000001 01100011 01101111 01101110 01110100 00001111  .cont.
00001044: 10000101 11011000 00000000 00000000 00000000 10000001  ......
0000104a: 01111110 00000101 01100101 01101110 01110100 00100010  ~.ent"
00001050: 00001111 10000101 11001011 00000000 00000000 00000000  ......
00001056: 01100110 10000001 01111110 00001001 00111010 00100010  f.~.:"
0000105c: 00001111 10000101 10111111 00000000 00000000 00000000  ......
00001062: 01001000 10000011 11000110 00001011 10000011 11101001  H.....
00001068: 00001011 01001001 10001001 11111111 10000101 11001001  .I....
0000106e: 01110100 01011110 00001111 10110110 00000110 00111100  t^...<
00001074: 00100010 00001111 10000100 01111100 00000000 00000000  "..|..
0000107a: 00000000 00111100 01011100 01110100 00011000 01000001  .<\t.A
00001080: 10000001 11111101 00000000 00110000 00000000 00000000  ...0..
00001086: 01110011 00001000 10001000 00000111 01001000 11111111  s...H.
0000108c: 11000111 01000001 11111111 11000101 01001000 11111111  .A..H.
00001092: 11000110 11111111 11001001 11101011 11010101 10000011  ......
00001098: 11111001 00000010 01110010 00110010 00001111 10110110  ..r2..
0000109e: 01000110 00000001 00111100 01101110 01110100 00001010  F.<nt.
000010a4: 00111100 01110100 01110100 00001010 00111100 01110010  <tt.<r
000010aa: 01110100 00011001 11101011 00000110 10110000 00001010  t.....
000010b0: 11101011 00000010 10110000 00001001 01000001 10000001  ....A.
000010b6: 11111101 00000000 00110000 00000000 00000000 01110011  ..0..s
000010bc: 00001000 10001000 00000111 01001000 11111111 11000111  ...H..
000010c2: 01000001 11111111 11000101 01001000 10000011 11000110  A..H..
000010c8: 00000010 10000011 11101001 00000010 11101011 10011110  ......
000010ce: 01001000 10001001 11111010 01001100 00101001 11111010  H..L).
000010d4: 01001000 10000101 11010010 00001111 10000100 00101100  H....,
000010da: 11111111 11111111 11111111 01010110 01010001 01010111  ...VQW
000010e0: 10111000 00000001 00000000 00000000 00000000 10111111  ......
000010e6: 00000001 00000000 00000000 00000000 01001100 10001001  ....L.
000010ec: 11111110 00001111 00000101 01011111 01011001 01011110  ..._Y^
000010f2: 11101001 00010010 11111111 11111111 11111111 01001000  .....H
000010f8: 10001001 11111010 01001100 00101001 11111010 01001000  ..L).H
000010fe: 10000101 11010010 01110100 00010101 01010110 01010001  ..t.VQ
00001104: 01010111 10111000 00000001 00000000 00000000 00000000  W.....
0000110a: 10111111 00000001 00000000 00000000 00000000 01001100  .....L
00001110: 10001001 11111110 00001111 00000101 01011111 01011001  ...._Y
00001116: 01011110 01001000 11111111 11000110 11111111 11001001  ^H....
0000111c: 11101001 00001101 11111111 11111111 11111111 01001000  .....H
00001122: 11111111 11000110 11111111 11001001 11101001 00000011  ......
00001128: 11111111 11111111 11111111 11000110 00000111 00000000  ......
0000112e: 11000011 00011011 01011011 00110010 01001010 00011011  ..[2J.
00001134: 01011011 01001000 00000000 00011011 01011011 00110001  [H..[1
0000113a: 00111011 00110001 01001000 00000000 00011011 01011011  ;1H..[
00001140: 00110000 01101101 00001010 00000000 00011011 01011011  0m...[
00001146: 00110010 01001011 00000000 00011011 01011011 01110011  2K..[s
0000114c: 00000000 00011011 01011011 01110101 00000000 00011011  ..[u..
00001152: 01011011 00111111 00110010 00110101 01101000 00000000  [?25h.
00001158: 00011011 01011011 01110010 00000000 00011011 01011011  .[r..[
0000115e: 00110100 00111011 00110001 01001000 00000000 01010011  4;1H.S
00001164: 01011001 01001110 01010100 01010010 01000001 00100000  YNTRA 
0000116a: 01000100 01010010 01001001 01000110 01010100 00100000  DRIFT 
00001170: 01000110 01001111 01010010 01000011 01000101 00100000  FORCE 
00001176: 00101101 00101101 00100000 01010001 01010101 01000001  -- QUA
0000117c: 01001110 01010100 01010101 01001101 00100000 01010000  NTUM P
00001182: 01001111 01010010 01010100 01000001 01001100 00000000  ORTAL.
00001188: 00011011 01011011 00110011 00111000 00111011 00110101  .[38;5
0000118e: 00111011 00110011 00111001 01101101 00100000 00100000  ;39m  
00001194: 01001101 01101111 01100100 01100101 01101100 01110011  Models
0000119a: 00100000 01100110 01110010 01101111 01101101 00100000   from 
000011a0: 01111000 01000001 01001001 00100000 01000001 01010000  xAI AP
000011a6: 01001001 00111010 00011011 01011011 00110000 01101101  I:.[0m
000011ac: 00001010 00000000 00011011 01011011 00110011 00111000  ...[38
000011b2: 00111011 00110101 00111011 00110010 00110001 00110100  ;5;214
000011b8: 01101101 00100000 00100000 01010011 01100101 01101100  m  Sel
000011be: 01100101 01100011 01110100 00100000 01101101 01101111  ect mo
000011c4: 01100100 01100101 01101100 00100000 01011011 00110001  del [1
000011ca: 00101101 00111000 01011101 00111010 00100000 00011011  -8]: .
000011d0: 01011011 00110000 01101101 00000000 00011011 01011011  [0m..[
000011d6: 00110011 00111000 00111011 00110101 00111011 00110101  38;5;5
000011dc: 00110001 01101101 00100000 00100000 01001101 01101111  1m  Mo
000011e2: 01100100 01100101 01101100 00111010 00100000 00011011  del: .
000011e8: 01011011 00110000 01101101 00000000 00001010 00011011  [0m...
000011ee: 01011011 00110011 00111000 00111011 00110101 00111011  [38;5;
000011f4: 00110001 00110001 00110111 01101101 00100000 00111110  117m >
000011fa: 00100000 00011011 01011011 00110000 01101101 00000000   .[0m.
00001200: 00011011 01011011 00110001 00111011 00110011 00110110  .[1;36
00001206: 01101101 00100000 01011001 01101111 01110101 00111010  m You:
0000120c: 00100000 00011011 01011011 00110000 01101101 00000000   .[0m.
00001212: 00011011 01011011 00110001 00111011 00110011 00110100  .[1;34
00001218: 01101101 00100000 01000001 01110011 01110011 01101001  m Assi
0000121e: 01110011 01110100 01100001 01101110 01110100 00111010  stant:
00001224: 00100000 00011011 01011011 00110000 01101101 00000000   .[0m.
0000122a: 01001101 01101111 01100100 01100101 01101100 00111010  Model:
00001230: 00100000 00000000 01010001 01010000 00100000 01110110   .QP v
00001236: 00110010 00100000 01111100 00100000 01010011 01100011  2 | Sc
0000123c: 01110010 01101111 01101100 01101100 00111010 00100000  roll: 
00001242: 00110100 00101101 00000000 01010011 01110101 01101101  4-.Sum
00001248: 01101101 01100001 01110010 01101001 01111010 01100101  marize
0000124e: 00100000 01110100 01101000 01100101 00100000 01010010   the R
00001254: 01100001 01110111 00100000 01000101 01001100 01000110  aw ELF
0000125a: 00100000 01000110 01101111 01110010 01100111 01100101   Forge
00001260: 00100000 01110010 01101111 01100001 01100100 01101101   roadm
00001266: 01100001 01110000 00100000 01101001 01101110 00100000  ap in 
0000126c: 00110101 00100000 01100010 01110101 01101100 01101100  5 bull
00001272: 01100101 01110100 01110011 00101110 00000000 01000100  ets..D
00001278: 01110010 01100001 01100110 01110100 00100000 01100111  raft g
0000127e: 01110010 01101111 01101011 01100100 01101111 01100011  rokdoc
00001284: 00100000 01110110 00110110 00100000 01110010 01100101   v6 re
0000128a: 01101100 01100101 01100001 01110011 01100101 00100000  lease 
00001290: 01101110 01101111 01110100 01100101 01110011 00100000  notes 
00001296: 01110111 01101001 01110100 01101000 00100000 01110011  with s
0000129c: 01111001 01110011 01100011 01100001 01101100 01101100  yscall
000012a2: 00101101 01101100 01100101 01110110 01100101 01101100  -level
000012a8: 00100000 01101000 01101001 01100111 01101000 01101100   highl
000012ae: 01101001 01100111 01101000 01110100 01110011 00101110  ights.
000012b4: 00000000 01000100 01100101 01110011 01101001 01100111  .Desig
000012ba: 01101110 00100000 01100001 00100000 01101000 01101111  n a ho
000012c0: 01101100 01101111 01100111 01110010 01100001 01110000  lograp
000012c6: 01101000 01101001 01100011 00100000 01010001 01110101  hic Qu
000012cc: 01100001 01101110 01110100 01110101 01101101 00100000  antum 
000012d2: 01010111 01101000 01101001 01110011 01110000 01100101  Whispe
000012d8: 01110010 00100000 01010000 01101111 01110010 01110100  r Port
000012de: 01100001 01101100 00100000 01010101 01011000 00100000  al UX 
000012e4: 01110000 01101100 01100001 01101110 00101110 00000000  plan..
000012ea: 01000111 01100101 01101110 01100101 01110010 01100001  Genera
000012f0: 01110100 01100101 00100000 01100001 00100000 01101101  te a m
000012f6: 01100001 01110010 01101011 01100100 01101111 01110111  arkdow
000012fc: 01101110 00100000 01100001 01110010 01110100 01101001  n arti
00001302: 01100110 01100001 01100011 01110100 00100000 01110111  fact w
00001308: 01101001 01110100 01101000 00100000 01110100 01100001  ith ta
0000130e: 01110011 01101011 01110011 00101100 00100000 01110010  sks, r
00001314: 01101001 01110011 01101011 01110011 00101100 00100000  isks, 
0000131a: 01100001 01101110 01100100 00100000 01101110 01100101  and ne
00001320: 01111000 01110100 00100000 01110011 01110100 01100101  xt ste
00001326: 01110000 01110011 00101110 00000000 00101000 01100011  ps..(c
0000132c: 01101000 01100001 01110100 00100000 01110010 01100101  hat re
00001332: 01110001 01110101 01100101 01110011 01110100 00100000  quest 
00001338: 01100110 01100001 01101001 01101100 01100101 01100100  failed
0000133e: 00111010 00100000 01100011 01101000 01100101 01100011  : chec
00001344: 01101011 00100000 01111110 00101111 00101110 01111000  k ~/.x
0000134a: 01100001 01101001 00101101 01101011 01100101 01111001  ai-key
00001350: 00101100 00100000 01101110 01100101 01110100 01110111  , netw
00001356: 01101111 01110010 01101011 00101100 00100000 01101111  ork, o
0000135c: 01110010 00100000 01100011 01110101 01110010 01101100  r curl
00001362: 00101001 00000000 00101000 01101110 01101111 00100000  ).(no 
00001368: 01110000 01100001 01110010 01110011 01100101 01100100  parsed
0000136e: 00100000 01100011 01101111 01101110 01110100 01100101   conte
00001374: 01101110 01110100 00100000 01100110 01101111 01110101  nt fou
0000137a: 01101110 01100100 00111011 00100000 01101001 01101110  nd; in
00001380: 01110011 01110000 01100101 01100011 01110100 00100000  spect 
00001386: 00101111 01110100 01101101 01110000 00101111 01110001  /tmp/q
0000138c: 01110000 01011111 01110010 01100101 01110011 01110000  p_resp
00001392: 00101110 01101010 01110011 01101111 01101110 00101001  .json)
00001398: 00000000 01111011 00100010 01101101 01101111 01100100  .{"mod
0000139e: 01100101 01101100 00100010 00111010 00100010 00000000  el":".
000013a4: 00100010 00101100 00100010 01101101 01100101 01110011  ","mes
000013aa: 01110011 01100001 01100111 01100101 01110011 00100010  sages"
000013b0: 00111010 01011011 01111011 00100010 01110010 01101111  :[{"ro
000013b6: 01101100 01100101 00100010 00111010 00100010 01110101  le":"u
000013bc: 01110011 01100101 01110010 00100010 00101100 00100010  ser","
000013c2: 01100011 01101111 01101110 01110100 01100101 01101110  conten
000013c8: 01110100 00100010 00111010 00100010 00000000 00100010  t":"."
000013ce: 01111101 01011101 00101100 00100010 01110011 01110100  }],"st
000013d4: 01110010 01100101 01100001 01101101 00100010 00111010  ream":
000013da: 01110100 01110010 01110101 01100101 01111101 00000000  true}.
000013e0: 00100000 01110011 01110100 01100001 01110100 01110101   statu
000013e6: 01110011 00111101 00110000 01111000 00000000 01100100  s=0x.d
000013ec: 01101001 01100001 01100111 00111010 00100000 01100010  iag: b
000013f2: 01101111 01101111 01110100 00001010 00000000 01100100  oot..d
000013f8: 01101001 01100001 01100111 00111010 00100000 01100110  iag: f
000013fe: 01100101 01110100 01100011 01101000 01011111 01101101  etch_m
00001404: 01101111 01100100 01100101 01101100 01110011 00100000  odels 
0000140a: 01110011 01101000 01100101 01101100 01101100 00100000  shell 
00001410: 01101110 01101111 01101110 01111010 01100101 01110010  nonzer
00001416: 01101111 00000000 01100100 01101001 01100001 01100111  o.diag
0000141c: 00111010 00100000 01101101 01101111 01100100 01100101  : mode
00001422: 01101100 01110011 00100000 01100110 01101001 01101100  ls fil
00001428: 01100101 00100000 01110010 01100101 01100001 01100100  e read
0000142e: 00100000 01100110 01100001 01101001 01101100 01100101   faile
00001434: 01100100 00001010 00000000 01100100 01101001 01100001  d..dia
0000143a: 01100111 00111010 00100000 01110011 01100001 01110110  g: sav
00001440: 01100101 01011111 01101101 01101111 01100100 01100101  e_mode
00001446: 01101100 00100000 01110011 01101000 01100101 01101100  l shel
0000144c: 01101100 00100000 01101110 01101111 01101110 01111010  l nonz
00001452: 01100101 01110010 01101111 00000000 01100100 01101001  ero.di
00001458: 01100001 01100111 00111010 00100000 01100011 01101000  ag: ch
0000145e: 01100001 01110100 00100000 01110011 01101000 01100101  at she
00001464: 01101100 01101100 00100000 01101110 01101111 01101110  ll non
0000146a: 01111010 01100101 01110010 01101111 00000000 01100100  zero.d
00001470: 01101001 01100001 01100111 00111010 00100000 01110010  iag: r
00001476: 01100101 01110011 01110000 01101111 01101110 01110011  espons
0000147c: 01100101 00100000 01100110 01101001 01101100 01100101  e file
00001482: 00100000 01110010 01100101 01100001 01100100 00100000   read 
00001488: 01100110 01100001 01101001 01101100 01100101 01100100  failed
0000148e: 00001010 00000000 01100100 01101001 01100001 01100111  ..diag
00001494: 00111010 00100000 01101110 01101111 00100000 01100011  : no c
0000149a: 01101111 01101110 01110100 01100101 01101110 01110100  ontent
000014a0: 00100000 01101011 01100101 01111001 00100000 01110000   key p
000014a6: 01100001 01110010 01110011 01100101 01100100 00100000  arsed 
000014ac: 01100110 01110010 01101111 01101101 00100000 01110010  from r
000014b2: 01100101 01110011 01110000 01101111 01101110 01110011  espons
000014b8: 01100101 00001010 00000000 01100111 01110010 01101111  e..gro
000014be: 01101011 00101101 00110100 00000000 00101111 01110100  k-4./t
000014c4: 01101101 01110000 00101111 01110001 01110000 01011111  mp/qp_
000014ca: 01100100 01101001 01100001 01100111 00101110 01101100  diag.l
000014d0: 01101111 01100111 00000000 00101111 01110100 01101101  og./tm
000014d6: 01110000 00101111 01110001 01110000 01011111 01101101  p/qp_m
000014dc: 01101111 01100100 01100101 01101100 01110011 00101110  odels.
000014e2: 01101010 01110011 01101111 01101110 00000000 00101111  json./
000014e8: 01110100 01101101 01110000 00101111 01110001 01110000  tmp/qp
000014ee: 01011111 01110010 01100101 01110001 00101110 01101010  _req.j
000014f4: 01110011 01101111 01101110 00000000 00101111 01110100  son./t
000014fa: 01101101 01110000 00101111 01110001 01110000 01011111  mp/qp_
00001500: 01110010 01100101 01110011 01110000 00101110 01101010  resp.j
00001506: 01110011 01101111 01101110 00000000 00101111 01110100  son./t
0000150c: 01101101 01110000 00101111 01110001 01110000 01011111  mp/qp_
00001512: 01101101 01101111 01100100 01100101 01101100 00101110  model.
00001518: 01110100 01101101 01110000 00000000 00101111 01110100  tmp./t
0000151e: 01101101 01110000 00101111 01110001 01110000 01011111  mp/qp_
00001524: 01101011 01100101 01111001 00101110 01101000 01100101  key.he
0000152a: 01111000 00000000 00101111 01100010 01101001 01101110  x./bin
00001530: 00101111 01110011 01101000 00000000 01110011 01101000  /sh.sh
00001536: 00000000 00101101 01100011 00000000 01011011 00100000  .-c.[ 
0000153c: 00101101 01100110 00100000 00100010 00100100 01111011  -f "${
00001542: 01001000 01001111 01001101 01000101 00111010 00101101  HOME:-
00001548: 00101110 01111101 00101111 00101110 01111000 01100001  .}/.xa
0000154e: 01101001 00101101 01101011 01100101 01111001 00100010  i-key"
00001554: 00100000 01011101 00000000 01001000 00111101 00100100   ].H=$
0000155a: 01111011 01001000 01001111 01001101 01000101 00111010  {HOME:
00001560: 00101101 00101110 01111101 00111011 00100000 01101101  -.}; m
00001566: 01110110 00100000 00101111 01110100 01101101 01110000  v /tmp
0000156c: 00101111 01110001 01110000 01011111 01101011 01100101  /qp_ke
00001572: 01111001 00101110 01101000 01100101 01111000 00100000  y.hex 
00001578: 00100010 00100100 01001000 00101111 00101110 01111000  "$H/.x
0000157e: 01100001 01101001 00101101 01101011 01100101 01111001  ai-key
00001584: 00100010 00100000 00100110 00100110 00100000 01100011  " && c
0000158a: 01101000 01101101 01101111 01100100 00100000 00110110  hmod 6
00001590: 00110000 00110000 00100000 00100010 00100100 01001000  00 "$H
00001596: 00101111 00101110 01111000 01100001 01101001 00101101  /.xai-
0000159c: 01101011 01100101 01111001 00100010 00000000 01001000  key".H
000015a2: 00111101 00100100 01111011 01001000 01001111 01001101  =${HOM
000015a8: 01000101 00111010 00101101 00101110 01111101 00111011  E:-.};
000015ae: 00100000 01011011 00100000 00101101 01100110 00100000   [ -f 
000015b4: 00100010 00100100 01001000 00101111 00101110 01100111  "$H/.g
000015ba: 01110010 01101111 01101011 00101101 01101101 01101111  rok-mo
000015c0: 01100100 01100101 01101100 00100010 00100000 01011101  del" ]
000015c6: 00100000 00100110 00100110 00100000 01100011 01110000   && cp
000015cc: 00100000 00100010 00100100 01001000 00101111 00101110   "$H/.
000015d2: 01100111 01110010 01101111 01101011 00101101 01101101  grok-m
000015d8: 01101111 01100100 01100101 01101100 00100010 00100000  odel" 
000015de: 00101111 01110100 01101101 01110000 00101111 01110001  /tmp/q
000015e4: 01110000 01011111 01101101 01101111 01100100 01100101  p_mode
000015ea: 01101100 00101110 01110100 01101101 01110000 00000000  l.tmp.
000015f0: 01100101 01111000 01100101 01100011 00100000 00110010  exec 2
000015f6: 00111110 00111110 00101111 01110100 01101101 01110000  >>/tmp
000015fc: 00101111 01110001 01110000 01011111 01100100 01101001  /qp_di
00001602: 01100001 01100111 00101110 01101100 01101111 01100111  ag.log
00001608: 00111011 00100000 01001000 00111101 00100100 01111011  ; H=${
0000160e: 01001000 01001111 01001101 01000101 00111010 00101101  HOME:-
00001614: 00101110 01111101 00111011 00100000 01101011 01100101  .}; ke
0000161a: 01111001 00111101 00100100 00101000 01110100 01110010  y=$(tr
00001620: 00100000 00101101 01100100 00100000 00100010 00100000   -d " 
00001626: 01011100 01110100 01011100 01110010 01011100 01101110  \t\r\n
0000162c: 00100010 00100000 00111100 00100000 00100010 00100100  " < "$
00001632: 01001000 00101111 00101110 01111000 01100001 01101001  H/.xai
00001638: 00101101 01101011 01100101 01111001 00100010 00100000  -key" 
0000163e: 00110010 00111110 00101111 01100100 01100101 01110110  2>/dev
00001644: 00101111 01101110 01110101 01101100 01101100 00100000  /null 
0000164a: 01111100 00100000 01111000 01111000 01100100 00100000  | xxd 
00001650: 00101101 01110010 00100000 00101101 01110000 00101001  -r -p)
00001656: 00111011 00100000 01011011 00100000 00101101 01101110  ; [ -n
0000165c: 00100000 00100010 00100100 01101011 01100101 01111001   "$key
00001662: 00100010 00100000 01011101 00100000 01111100 01111100  " ] ||
00001668: 00100000 01100101 01111000 01101001 01110100 00100000   exit 
0000166e: 00110001 00110000 00111011 00100000 01100011 01110101  10; cu
00001674: 01110010 01101100 00100000 00101101 01110011 01010011  rl -sS
0000167a: 00100000 01101000 01110100 01110100 01110000 01110011   https
00001680: 00111010 00101111 00101111 01100001 01110000 01101001  ://api
00001686: 00101110 01111000 00101110 01100001 01101001 00101111  .x.ai/
0000168c: 01110110 00110001 00101111 01101101 01101111 01100100  v1/mod
00001692: 01100101 01101100 01110011 00100000 00101101 01001000  els -H
00001698: 00100000 00100010 01000001 01110101 01110100 01101000   "Auth
0000169e: 01101111 01110010 01101001 01111010 01100001 01110100  orizat
000016a4: 01101001 01101111 01101110 00111010 00100000 01000010  ion: B
000016aa: 01100101 01100001 01110010 01100101 01110010 00100000  earer 
000016b0: 00100100 01101011 01100101 01111001 00100010 00100000  $key" 
000016b6: 00111110 00100000 00101111 01110100 01101101 01110000  > /tmp
000016bc: 00101111 01110001 01110000 01011111 01101101 01101111  /qp_mo
000016c2: 01100100 01100101 01101100 01110011 00101110 01101010  dels.j
000016c8: 01110011 01101111 01101110 00000000 01100101 01111000  son.ex
000016ce: 01100101 01100011 00100000 00110010 00111110 00111110  ec 2>>
000016d4: 00101111 01110100 01101101 01110000 00101111 01110001  /tmp/q
000016da: 01110000 01011111 01100100 01101001 01100001 01100111  p_diag
000016e0: 00101110 01101100 01101111 01100111 00111011 00100000  .log; 
000016e6: 01001000 00111101 00100100 01111011 01001000 01001111  H=${HO
000016ec: 01001101 01000101 00111010 00101101 00101110 01111101  ME:-.}
000016f2: 00111011 00100000 01100011 01100001 01110100 00100000  ; cat 
000016f8: 00101111 01110100 01101101 01110000 00101111 01110001  /tmp/q
000016fe: 01110000 01011111 01101101 01101111 01100100 01100101  p_mode
00001704: 01101100 00101110 01110100 01101101 01110000 00100000  l.tmp 
0000170a: 00111110 00100000 00100010 00100100 01001000 00101111  > "$H/
00001710: 00101110 01100111 01110010 01101111 01101011 00101101  .grok-
00001716: 01101101 01101111 01100100 01100101 01101100 00100010  model"
0000171c: 00000000 01100101 01111000 01100101 01100011 00100000  .exec 
00001722: 00110010 00111110 00111110 00101111 01110100 01101101  2>>/tm
00001728: 01110000 00101111 01110001 01110000 01011111 01100100  p/qp_d
0000172e: 01101001 01100001 01100111 00101110 01101100 01101111  iag.lo
00001734: 01100111 00111011 00100000 01001000 00111101 00100100  g; H=$
0000173a: 01111011 01001000 01001111 01001101 01000101 00111010  {HOME:
00001740: 00101101 00101110 01111101 00111011 00100000 01101011  -.}; k
00001746: 01100101 01111001 00111101 00100100 00101000 01110100  ey=$(t
0000174c: 01110010 00100000 00101101 01100100 00100000 00100010  r -d "
00001752: 00100000 01011100 01110100 01011100 01110010 01011100   \t\r\
00001758: 01101110 00100010 00100000 00111100 00100000 00100010  n" < "
0000175e: 00100100 01001000 00101111 00101110 01111000 01100001  $H/.xa
00001764: 01101001 00101101 01101011 01100101 01111001 00100010  i-key"
0000176a: 00100000 00110010 00111110 00101111 01100100 01100101   2>/de
00001770: 01110110 00101111 01101110 01110101 01101100 01101100  v/null
00001776: 00100000 01111100 00100000 01111000 01111000 01100100   | xxd
0000177c: 00100000 00101101 01110010 00100000 00101101 01110000   -r -p
00001782: 00101001 00111011 00100000 01011011 00100000 00101101  ); [ -
00001788: 01101110 00100000 00100010 00100100 01101011 01100101  n "$ke
0000178e: 01111001 00100010 00100000 01011101 00100000 01111100  y" ] |
00001794: 01111100 00100000 01100101 01111000 01101001 01110100  | exit
0000179a: 00100000 00110001 00110000 00111011 00100000 01100011   10; c
000017a0: 01110101 01110010 01101100 00100000 00101101 01110011  url -s
000017a6: 01001110 01010011 00100000 01101000 01110100 01110100  NS htt
000017ac: 01110000 01110011 00111010 00101111 00101111 01100001  ps://a
000017b2: 01110000 01101001 00101110 01111000 00101110 01100001  pi.x.a
000017b8: 01101001 00101111 01110110 00110001 00101111 01100011  i/v1/c
000017be: 01101000 01100001 01110100 00101111 01100011 01101111  hat/co
000017c4: 01101101 01110000 01101100 01100101 01110100 01101001  mpleti
000017ca: 01101111 01101110 01110011 00100000 00101101 01001000  ons -H
000017d0: 00100000 00100010 01000001 01110101 01110100 01101000   "Auth
000017d6: 01101111 01110010 01101001 01111010 01100001 01110100  orizat
000017dc: 01101001 01101111 01101110 00111010 00100000 01000010  ion: B
000017e2: 01100101 01100001 01110010 01100101 01110010 00100000  earer 
000017e8: 00100100 01101011 01100101 01111001 00100010 00100000  $key" 
000017ee: 00101101 01001000 00100000 00100010 01000011 01101111  -H "Co
000017f4: 01101110 01110100 01100101 01101110 01110100 00101101  ntent-
000017fa: 01010100 01111001 01110000 01100101 00111010 00100000  Type: 
00001800: 01100001 01110000 01110000 01101100 01101001 01100011  applic
00001806: 01100001 01110100 01101001 01101111 01101110 00101111  ation/
0000180c: 01101010 01110011 01101111 01101110 00100010 00100000  json" 
00001812: 00101101 00101101 01100100 01100001 01110100 01100001  --data
00001818: 00101101 01100010 01101001 01101110 01100001 01110010  -binar
0000181e: 01111001 00100000 01000000 00101111 01110100 01101101  y @/tm
00001824: 01110000 00101111 01110001 01110000 01011111 01110010  p/qp_r
0000182a: 01100101 01110001 00101110 01101010 01110011 01101111  eq.jso
00001830: 01101110 00000000 01100011 01100001 01110100 00100000  n.cat 
00001836: 00101111 01110100 01101101 01110000 00101111 01110001  /tmp/q
0000183c: 01110000 01011111 01100100 01101001 01100001 01100111  p_diag
00001842: 00101110 01101100 01101111 01100111 00100000 01111100  .log |
00001848: 00100000 00101110 00101111 01110100 01101111 01101111   ./too
0000184e: 01101100 01110011 00101111 01100111 01110010 01101111  ls/gro
00001854: 01101011 01100100 01101111 01100011 00100000 00100010  kdoc "
0000185a: 00000000 00100010 00100000 00110010 00111110 00101111  ." 2>/
00001860: 01100100 01100101 01110110 00101111 01101110 01110101  dev/nu
00001866: 01101100 01101100 00100000 01111100 01111100 00100000  ll || 
0000186c: 01110100 01110010 01110101 01100101 00000000 00011011  true..
00001872: 01011011 00110011 00111000 00111011 00110101 00111011  [38;5;
00001878: 00110010 00110001 00110100 01101101 01001110 01101111  214mNo
0000187e: 00100000 01000001 01010000 01001001 00100000 01101011   API k
00001884: 01100101 01111001 00100000 01100110 01101111 01110101  ey fou
0000188a: 01101110 01100100 00101110 00100000 01000101 01101110  nd. En
00001890: 01110100 01100101 01110010 00100000 01111001 01101111  ter yo
00001896: 01110101 01110010 00100000 01111000 01000001 01001001  ur xAI
0000189c: 00100000 01101011 01100101 01111001 00111010 00100000   key: 
000018a2: 00011011 01011011 00110000 01101101 00000000 00011011  .[0m..
000018a8: 01011011 00110011 00111000 00111011 00110101 00111011  [38;5;
000018ae: 00111000 00110010 01101101 01001011 01100101 01111001  82mKey
000018b4: 00100000 01110011 01100001 01110110 01100101 01100100   saved
000018ba: 00100000 00101000 01101000 01100101 01111000 00101101   (hex-
000018c0: 01100101 01101110 01100011 01101111 01100100 01100101  encode
000018c6: 01100100 00101001 00100000 01110100 01101111 00100000  d) to 
000018cc: 01111110 00101111 00101110 01111000 01100001 01101001  ~/.xai
000018d2: 00101101 01101011 01100101 01111001 00011011 01011011  -key.[
000018d8: 00110000 01101101 00001010 00000000 01100100 01101001  0m..di
000018de: 01100001 01100111 00111010 00100000 01101011 01100101  ag: ke
000018e4: 01111001 00100000 01110011 01100101 01110100 01110101  y setu
000018ea: 01110000 00100000 01100011 01101111 01101101 01110000  p comp
000018f0: 01101100 01100101 01110100 01100101 00001010 00000000  lete..
000018f6: 01100100 01101001 01100001 01100111 00111010 00100000  diag: 
000018fc: 01100101 01101101 01110000 01110100 01111001 00100000  empty 
00001902: 01101011 01100101 01111001 00100000 01101001 01101110  key in
00001908: 01110000 01110101 01110100 00001010 00000000 01010001  put..Q
0000190e: 01010000 00101101 01000110 01100101 01110100 01100011  P-Fetc
00001914: 01101000 01000110 01100001 01101001 01101100 00000000  hFail.
0000191a: 01010001 01010000 00101101 01001101 01101111 01100100  QP-Mod
00001920: 01100101 01101100 01110011 01000110 01100001 01101001  elsFai
00001926: 01101100 00000000 01010001 01010000 00101101 01000011  l.QP-C
0000192c: 01101000 01100001 01110100 01000110 01100001 01101001  hatFai
00001932: 01101100 00000000 01010001 01010000 00101101 01010010  l.QP-R
00001938: 01100101 01110011 01110000 01000110 01100001 01101001  espFai
0000193e: 01101100 00000000 01010001 01010000 00101101 01010000  l.QP-P
00001944: 01100001 01110010 01110011 01100101 01000110 01100001  arseFa
0000194a: 01101001 01101100 00000000 00001010 00000000           il...
